00000000
00000000
00000000
00000000
00000000
00000000
00000000
00000000
00000000
00000000
00000000
00000000
00000000
00000000
00000000
00000000
00000000
00000000
00000000
00000000
00000000
00000000
00000000
00000000
00000000
00000000
00000000
00000000
00000000
00000000
00000000
00000000
00000000
00000000
00000000
00000000
00000000
00000000
00000000
00000000
00000000
00000000
00000000
00000000
00000000
00000000
00000000
00000000
00000000
00000000
00000000
00000000
00000000
00000000
00000000
00000000
00000000
00000000
00000000
00000000
00000000
00000000
00000000
00000000
00000000
00000000
00000000
000000c3  
0000000e  
000000b0  
00000080
00000000    
00000000    
00000000	
00000000	
00000000	
00000000	
00000000	
00000000    
00000000    
00000000    
00000000    
00000000    
00000000    
00000000    
00000000    
00000000    
00000000    
00000000    
00000000    
00000000    
00000000    
00000000    
00000000    
00000000    
00000000    
00000000    
00000000    
00000000    
00000000    
00000000	
00000000	
00000000	
00000000	
00000000	
00000000	
00000000	
00000000	
00000000	
00000000	
00000000	
00000000	
00000000	
00000000	
00000000	
00000000	
00000000	
00000000	
00000000	
00000000	
00000000	
00000000	
00000000	
00000000	
00000000	
00000000	
00000000
00000000